# Created by Octave 5.1.0, Sun Feb 16 23:46:25 2020 GMT <unknown@DESKTOP-FQNH0RG>
# name: Y
# type: matrix
# rows: 50
# columns: 20
 5 5 5 5 5 1 1 1 1 1 1 1 1 1 1 5 5 5 5 5
 5 5 5 5 5 1 1 1 1 1 1 1 1 1 1 5 5 5 5 5
 5 5 5 5 5 1 1 1 1 1 1 1 1 1 1 5 5 5 5 5
 5 5 5 5 5 1 1 1 1 1 1 1 1 1 1 5 5 5 5 5
 5 5 5 5 5 1 1 1 1 1 1 1 1 1 1 5 5 5 5 5
 5 5 5 5 5 1 1 1 1 1 1 1 1 1 1 5 5 5 5 5
 5 5 5 5 5 1 1 1 1 1 1 1 1 1 1 5 5 5 5 5
 5 5 5 5 5 1 1 1 1 1 1 1 1 1 1 5 5 5 5 5
 5 5 5 5 5 1 1 1 1 1 1 1 1 1 1 5 5 5 5 5
 5 5 5 5 5 1 1 1 1 1 1 1 1 1 1 5 5 5 5 5
 5 5 5 5 5 1 1 1 1 1 1 1 1 1 1 5 5 5 5 5
 5 5 5 5 5 1 1 1 1 1 1 1 1 1 1 5 5 5 5 5
 5 5 5 5 5 1 1 1 1 1 1 1 1 1 1 5 5 5 5 5
 5 5 5 5 5 1 1 1 1 1 1 1 1 1 1 5 5 5 5 5
 5 5 5 5 5 1 1 1 1 1 1 1 1 1 1 5 5 5 5 5
 5 5 5 5 5 1 1 1 1 1 1 1 1 1 1 5 5 5 5 5
 5 5 5 5 5 1 1 1 1 1 1 1 1 1 1 5 5 5 5 5
 5 5 5 5 5 1 1 1 1 1 1 1 1 1 1 5 5 5 5 5
 5 5 5 5 5 1 1 1 1 1 1 1 1 1 1 5 5 5 5 5
 5 5 5 5 5 1 1 1 1 1 1 1 1 1 1 5 5 5 5 5
 1 1 1 1 1 5 5 5 5 5 1 1 1 1 1 1 1 1 1 1
 1 1 1 1 1 5 5 5 5 5 1 1 1 1 1 1 1 1 1 1
 1 1 1 1 1 5 5 5 5 5 1 1 1 1 1 1 1 1 1 1
 1 1 1 1 1 5 5 5 5 5 1 1 1 1 1 1 1 1 1 1
 1 1 1 1 1 5 5 5 5 5 1 1 1 1 1 1 1 1 1 1
 1 1 1 1 1 5 5 5 5 5 1 1 1 1 1 1 1 1 1 1
 1 1 1 1 1 5 5 5 5 5 1 1 1 1 1 1 1 1 1 1
 1 1 1 1 1 5 5 5 5 5 1 1 1 1 1 1 1 1 1 1
 1 1 1 1 1 5 5 5 5 5 1 1 1 1 1 1 1 1 1 1
 1 1 1 1 1 5 5 5 5 5 1 1 1 1 1 1 1 1 1 1
 1 1 1 1 1 1 1 1 1 1 5 5 5 5 5 1 1 1 1 1
 1 1 1 1 1 1 1 1 1 1 5 5 5 5 5 1 1 1 1 1
 1 1 1 1 1 1 1 1 1 1 5 5 5 5 5 1 1 1 1 1
 1 1 1 1 1 1 1 1 1 1 5 5 5 5 5 1 1 1 1 1
 1 1 1 1 1 1 1 1 1 1 5 5 5 5 5 1 1 1 1 1
 1 1 1 1 1 1 1 1 1 1 5 5 5 5 5 1 1 1 1 1
 1 1 1 1 1 1 1 1 1 1 5 5 5 5 5 1 1 1 1 1
 1 1 1 1 1 1 1 1 1 1 5 5 5 5 5 1 1 1 1 1
 1 1 1 1 1 1 1 1 1 1 5 5 5 5 5 1 1 1 1 1
 1 1 1 1 1 1 1 1 1 1 5 5 5 5 5 1 1 1 1 1
 1 1 1 1 1 1 1 1 1 1 1 1 1 1 1 5 5 5 5 5
 1 1 1 1 1 1 1 1 1 1 1 1 1 1 1 5 5 5 5 5
 1 1 1 1 1 1 1 1 1 1 1 1 1 1 1 5 5 5 5 5
 1 1 1 1 1 1 1 1 1 1 1 1 1 1 1 5 5 5 5 5
 1 1 1 1 1 1 1 1 1 1 1 1 1 1 1 5 5 5 5 5
 1 1 1 1 1 1 1 1 1 1 1 1 1 1 1 5 5 5 5 5
 1 1 1 1 1 1 1 1 1 1 1 1 1 1 1 5 5 5 5 5
 1 1 1 1 1 1 1 1 1 1 1 1 1 1 1 5 5 5 5 5
 1 1 1 1 1 1 1 1 1 1 1 1 1 1 1 5 5 5 5 5
 1 1 1 1 1 1 1 1 1 1 1 1 1 1 1 5 5 5 5 5


