# Created by Octave 5.1.0, Sun Dec 01 22:25:13 2019 GMT <unknown@DESKTOP-FQNH0RG>
# name: R
# type: matrix
# rows: 50
# columns: 20
 1 1 0 1 0 0 1 1 0 1 1 0 0 0 0 1 0 1 1 0
 1 1 1 0 1 1 1 0 1 0 1 1 1 0 1 1 0 1 1 1
 1 0 1 0 1 1 1 0 1 1 1 0 1 1 1 0 0 1 1 1
 1 1 1 1 0 1 1 1 1 0 1 0 0 1 1 1 0 0 1 1
 1 1 0 1 1 1 0 1 1 1 1 1 1 0 1 1 0 1 1 0
 1 1 0 1 1 0 0 0 0 0 1 1 1 0 1 1 0 0 1 0
 1 1 1 0 1 1 1 1 0 0 0 1 1 0 0 1 1 1 0 0
 0 1 1 1 1 0 1 1 1 1 0 1 1 0 1 0 1 0 1 1
 0 1 1 1 0 1 1 1 1 1 0 1 1 1 1 1 0 1 1 0
 0 0 0 1 1 0 1 1 0 1 1 1 0 0 1 0 1 1 0 0
 1 0 1 1 0 1 1 1 0 1 1 1 1 1 1 1 1 1 1 1
 0 1 0 1 1 0 0 0 1 1 1 1 0 0 0 0 1 0 1 1
 1 0 1 1 1 1 1 0 0 1 1 1 1 0 0 1 1 1 0 1
 0 1 1 0 1 1 1 1 1 0 0 1 1 0 0 1 1 0 0 1
 0 0 1 0 0 1 1 0 1 1 1 1 1 1 1 1 0 0 1 1
 0 0 1 0 0 1 0 1 0 1 0 1 0 0 1 0 0 1 0 0
 0 0 1 1 1 0 1 1 0 1 0 1 1 0 0 1 1 1 1 1
 0 1 1 1 1 0 0 1 1 1 1 1 1 1 1 1 0 0 1 1
 0 1 1 0 1 1 1 1 1 1 0 0 1 1 0 0 1 1 1 0
 0 0 1 1 1 1 1 0 1 1 1 0 0 1 1 1 0 0 1 0
 0 1 0 0 0 1 0 1 1 1 0 0 1 1 0 1 0 1 1 1
 0 0 1 0 1 0 1 1 1 1 1 1 1 1 1 1 0 0 1 0
 1 1 1 0 0 1 0 0 1 0 0 1 0 0 0 1 1 0 0 1
 1 0 0 1 0 1 1 1 1 1 0 0 1 1 1 1 1 1 0 1
 0 1 0 1 1 1 1 0 0 0 1 1 1 0 1 1 1 0 0 1
 0 0 1 1 1 1 0 1 1 0 1 0 0 0 1 1 1 1 0 0
 1 0 0 0 1 1 1 1 0 1 0 0 0 1 1 0 0 1 1 1
 1 1 1 0 1 0 1 0 1 1 0 1 1 0 1 1 0 0 1 0
 1 0 0 0 1 1 1 0 1 1 0 0 0 1 1 1 1 1 0 1
 1 1 0 1 0 1 0 1 0 0 1 1 1 1 1 1 0 0 1 0
 1 1 0 1 0 1 1 0 1 1 1 1 0 0 1 1 0 0 0 1
 0 1 0 1 1 0 1 1 1 1 1 0 0 1 1 0 1 1 1 0
 1 1 1 1 1 1 0 0 1 0 1 0 1 0 0 1 1 1 1 0
 1 1 0 0 1 1 0 0 0 1 0 0 1 0 0 0 1 1 1 1
 0 1 1 0 1 0 1 1 0 1 1 1 1 1 0 1 0 0 0 1
 1 1 1 0 1 0 1 0 1 1 1 1 0 1 0 0 1 0 0 1
 1 0 1 1 0 0 1 1 1 0 0 0 0 1 0 0 1 0 1 0
 0 1 1 0 1 0 0 1 0 1 1 0 1 1 1 1 0 0 0 1
 1 1 0 0 0 1 0 0 1 0 1 1 0 1 1 1 1 0 1 0
 1 0 0 1 0 1 0 0 0 0 0 0 1 1 1 1 1 0 1 0
 1 1 0 1 1 1 0 0 1 0 1 0 1 0 0 1 0 0 1 0
 1 1 1 1 0 1 1 1 1 1 1 1 1 1 0 1 1 0 1 1
 0 1 0 0 0 0 1 0 1 0 1 1 1 0 1 0 1 0 1 0
 0 1 0 1 1 1 1 1 0 1 0 1 1 0 1 1 1 0 0 1
 1 1 0 1 1 0 1 0 0 1 1 1 0 0 0 1 1 1 0 1
 1 0 1 1 1 0 0 1 1 0 1 1 0 0 0 0 1 0 1 0
 1 1 1 1 1 1 1 0 1 1 0 1 1 1 1 1 1 1 1 0
 0 0 0 1 1 1 0 1 0 1 0 1 1 1 1 0 0 0 1 0
 1 0 1 0 0 0 1 0 0 0 0 0 1 0 1 0 0 0 1 1
 0 0 0 0 1 1 1 1 0 1 1 0 1 0 0 0 1 1 1 1


# name: Rval
# type: bool matrix
# rows: 50
# columns: 20
 0 0 0 0 0 0 0 0 0 0 0 1 1 1 1 0 1 0 0 1
 0 0 0 0 0 0 0 0 0 0 0 0 0 1 0 0 1 0 0 0
 0 0 0 0 0 0 0 0 0 0 0 1 0 0 0 1 1 0 0 0
 0 0 0 0 0 0 0 0 0 0 0 1 1 0 0 0 1 1 0 0
 0 0 0 0 0 0 0 0 0 0 0 0 0 1 0 0 1 0 0 1
 0 0 0 0 0 0 0 0 0 0 0 0 0 1 0 0 1 1 0 1
 0 0 0 0 0 0 0 0 0 0 0 0 0 1 1 0 0 0 1 1
 0 0 0 0 0 0 0 0 0 0 0 0 0 1 0 1 0 1 0 0
 0 0 0 0 0 0 0 0 0 0 0 0 0 0 0 0 1 0 0 1
 0 0 0 0 0 0 0 0 0 0 0 0 1 1 0 1 0 0 1 1
 0 0 0 0 0 0 0 0 0 0 0 0 0 0 0 0 0 0 0 0
 0 0 0 0 0 0 0 0 0 0 0 0 1 1 1 1 0 1 0 0
 0 0 0 0 0 0 0 0 0 0 0 0 0 1 1 0 0 0 1 0
 0 0 0 0 0 0 0 0 0 0 0 0 0 1 1 0 0 1 1 0
 0 0 0 0 0 0 0 0 0 0 0 0 0 0 0 0 1 1 0 0
 0 0 0 0 0 0 0 0 0 0 0 0 1 1 0 1 1 0 1 1
 0 0 0 0 0 0 0 0 0 0 1 0 0 1 1 0 0 0 0 0
 0 0 0 0 0 0 0 0 0 0 0 0 0 0 0 0 1 1 0 0
 0 0 0 0 0 0 0 0 0 0 1 1 0 0 1 1 0 0 0 1
 0 0 0 0 0 0 0 0 0 0 0 1 1 0 0 0 1 1 0 1
 0 0 0 0 0 0 0 0 0 0 1 1 0 0 1 0 1 0 0 0
 0 0 0 0 0 0 0 0 0 0 0 0 0 0 0 0 1 1 0 1
 0 0 0 0 0 0 0 0 0 0 1 0 1 1 1 0 0 1 1 0
 0 0 0 0 0 0 0 0 0 0 1 1 0 0 0 0 0 0 1 0
 0 0 0 0 0 0 0 0 0 0 0 0 0 1 0 0 0 1 1 0
 0 0 0 0 0 0 0 0 0 0 0 1 1 1 0 0 0 0 1 1
 0 0 0 0 0 0 0 0 0 0 1 1 1 0 0 1 1 0 0 0
 0 0 0 0 0 0 0 0 0 0 1 0 0 1 0 0 1 1 0 1
 0 0 0 0 0 0 0 0 0 0 1 1 1 0 0 0 0 0 1 0
 0 0 0 0 0 0 0 0 0 0 0 0 0 0 0 0 1 1 0 1
 0 0 0 0 0 0 0 0 0 0 0 0 1 1 0 0 1 1 1 0
 0 0 0 0 0 0 0 0 0 0 0 1 1 0 0 1 0 0 0 1
 0 0 0 0 0 0 0 0 0 0 0 1 0 1 1 0 0 0 0 1
 0 0 0 0 0 0 0 0 0 0 1 1 0 1 1 1 0 0 0 0
 0 0 0 0 0 0 0 0 0 0 0 0 0 0 1 0 1 1 1 0
 0 0 0 0 0 0 0 0 0 0 0 0 1 0 1 1 0 1 1 0
 0 0 0 0 0 0 0 0 0 0 1 1 1 0 1 1 0 1 0 1
 0 0 0 0 0 0 0 0 0 0 0 1 0 0 0 0 1 1 1 0
 0 0 0 0 0 0 0 0 0 0 0 0 1 0 0 0 0 1 0 1
 0 0 0 0 0 0 0 0 0 0 1 1 0 0 0 0 0 1 0 1
 0 0 0 0 0 0 0 0 0 0 0 1 0 1 1 0 1 1 0 1
 0 0 0 0 0 0 0 0 0 0 0 0 0 0 1 0 0 1 0 0
 0 0 0 0 0 0 0 0 0 0 0 0 0 1 0 1 0 1 0 1
 0 0 0 0 0 0 0 0 0 0 1 0 0 1 0 0 0 1 1 0
 0 0 0 0 0 0 0 0 0 0 0 0 1 1 1 0 0 0 1 0
 0 0 0 0 0 0 0 0 0 0 0 0 1 1 1 1 0 1 0 1
 0 0 0 0 0 0 0 0 0 0 1 0 0 0 0 0 0 0 0 1
 0 0 0 0 0 0 0 0 0 0 1 0 0 0 0 1 1 1 0 1
 0 0 0 0 0 0 0 0 0 0 1 1 0 1 0 1 1 1 0 0
 0 0 0 0 0 0 0 0 0 0 0 1 0 1 1 1 0 0 0 0


# name: Rtest
# type: bool matrix
# rows: 50
# columns: 20
 0 0 1 0 1 1 0 0 1 0 0 0 0 0 0 0 0 0 0 0
 0 0 0 1 0 0 0 1 0 1 0 0 0 0 0 0 0 0 0 0
 0 1 0 1 0 0 0 1 0 0 0 0 0 0 0 0 0 0 0 0
 0 0 0 0 1 0 0 0 0 1 0 0 0 0 0 0 0 0 0 0
 0 0 1 0 0 0 1 0 0 0 0 0 0 0 0 0 0 0 0 0
 0 0 1 0 0 1 1 1 1 1 0 0 0 0 0 0 0 0 0 0
 0 0 0 1 0 0 0 0 1 1 1 0 0 0 0 0 0 0 0 0
 1 0 0 0 0 1 0 0 0 0 1 0 0 0 0 0 0 0 0 0
 1 0 0 0 1 0 0 0 0 0 1 0 0 0 0 0 0 0 0 0
 1 1 1 0 0 1 0 0 1 0 0 0 0 0 0 0 0 0 0 0
 0 1 0 0 1 0 0 0 1 0 0 0 0 0 0 0 0 0 0 0
 1 0 1 0 0 1 1 1 0 0 0 0 0 0 0 0 0 0 0 0
 0 1 0 0 0 0 0 1 1 0 0 0 0 0 0 0 0 0 0 0
 1 0 0 1 0 0 0 0 0 1 1 0 0 0 0 0 0 0 0 0
 1 1 0 1 1 0 0 1 0 0 0 0 0 0 0 0 0 0 0 0
 1 1 0 1 1 0 1 0 1 0 1 0 0 0 0 0 0 0 0 0
 1 1 0 0 0 1 0 0 1 0 0 0 0 0 0 0 0 0 0 0
 1 0 0 0 0 1 1 0 0 0 0 0 0 0 0 0 0 0 0 0
 1 0 0 1 0 0 0 0 0 0 0 0 0 0 0 0 0 0 0 0
 1 1 0 0 0 0 0 1 0 0 0 0 0 0 0 0 0 0 0 0
 1 0 1 1 1 0 1 0 0 0 0 0 0 0 0 0 0 0 0 0
 1 1 0 1 0 1 0 0 0 0 0 0 0 0 0 0 0 0 0 0
 0 0 0 1 1 0 1 1 0 1 0 0 0 0 0 0 0 0 0 0
 0 1 1 0 1 0 0 0 0 0 0 0 0 0 0 0 0 0 0 0
 1 0 1 0 0 0 0 1 1 1 0 0 0 0 0 0 0 0 0 0
 1 1 0 0 0 0 1 0 0 1 0 0 0 0 0 0 0 0 0 0
 0 1 1 1 0 0 0 0 1 0 0 0 0 0 0 0 0 0 0 0
 0 0 0 1 0 1 0 1 0 0 0 0 0 0 0 0 0 0 0 0
 0 1 1 1 0 0 0 1 0 0 0 0 0 0 0 0 0 0 0 0
 0 0 1 0 1 0 1 0 1 1 0 0 0 0 0 0 0 0 0 0
 0 0 1 0 1 0 0 1 0 0 0 0 0 0 0 0 0 0 0 0
 1 0 1 0 0 1 0 0 0 0 0 0 0 0 0 0 0 0 0 0
 0 0 0 0 0 0 1 1 0 1 0 0 0 0 0 0 0 0 0 0
 0 0 1 1 0 0 1 1 1 0 0 0 0 0 0 0 0 0 0 0
 1 0 0 1 0 1 0 0 1 0 0 0 0 0 0 0 0 0 0 0
 0 0 0 1 0 1 0 1 0 0 0 0 0 0 0 0 0 0 0 0
 0 1 0 0 1 1 0 0 0 1 0 0 0 0 0 0 0 0 0 0
 1 0 0 1 0 1 1 0 1 0 0 0 0 0 0 0 0 0 0 0
 0 0 1 1 1 0 1 1 0 1 0 0 0 0 0 0 0 0 0 0
 0 1 1 0 1 0 1 1 1 1 0 0 0 0 0 0 0 0 0 0
 0 0 1 0 0 0 1 1 0 1 0 0 0 0 0 0 0 0 0 0
 0 0 0 0 1 0 0 0 0 0 0 0 0 0 0 0 0 0 0 0
 1 0 1 1 1 1 0 1 0 1 0 0 0 0 0 0 0 0 0 0
 1 0 1 0 0 0 0 0 1 0 0 0 0 0 0 0 0 0 0 0
 0 0 1 0 0 1 0 1 1 0 0 0 0 0 0 0 0 0 0 0
 0 1 0 0 0 1 1 0 0 1 0 0 0 0 0 0 0 0 0 0
 0 0 0 0 0 0 0 1 0 0 0 0 0 0 0 0 0 0 0 0
 1 1 1 0 0 0 1 0 1 0 0 0 0 0 0 0 0 0 0 0
 0 1 0 1 1 1 0 1 1 1 0 0 0 0 0 0 0 0 0 0
 1 1 1 1 0 0 0 0 1 0 0 0 0 0 0 0 0 0 0 0


