# Created by Octave 5.1.0, Sun Mar 22 19:38:16 2020 GMT <unknown@DESKTOP-FQNH0RG>
# name: R
# type: matrix
# rows: 100
# columns: 50
 1 1 0 0 1 1 1 1 0 0 0 0 0 0 1 0 1 0 0 1 1 1 0 1 0 1 0 1 1 1 1 1 1 1 1 1 1 0 0 1 1 0 1 1 1 0 1 1 0 0
 1 1 0 1 1 0 0 1 0 0 1 1 1 1 0 1 1 1 1 1 0 0 1 0 0 1 1 1 1 1 1 0 0 1 1 0 1 0 0 0 1 0 0 1 1 1 1 0 1 0
 1 1 0 0 0 0 0 1 1 0 0 0 1 1 1 1 1 0 1 1 1 1 1 1 1 0 1 1 0 1 1 1 1 1 1 1 1 1 1 1 0 0 1 1 1 0 0 0 0 0
 1 1 0 1 1 1 0 0 0 1 0 0 0 1 1 0 1 0 1 0 0 1 1 0 1 1 1 1 0 1 1 1 1 1 0 1 1 0 0 0 0 1 0 1 1 1 1 1 1 0
 0 1 0 1 1 1 1 1 0 1 1 1 1 1 0 0 1 1 0 1 1 0 1 1 1 0 1 0 0 1 1 0 1 1 1 1 1 1 0 0 1 0 1 0 1 1 1 0 0 1
 1 1 0 0 0 0 1 1 1 1 1 0 0 1 1 1 1 1 1 1 1 1 1 1 0 0 1 0 1 1 1 0 0 1 1 0 0 1 1 1 1 1 1 1 0 0 1 1 0 1
 0 0 0 1 1 0 1 1 0 1 1 1 0 1 1 0 1 1 0 1 1 0 1 0 1 0 1 1 1 1 0 1 1 1 1 0 1 1 1 0 1 0 0 0 1 1 1 0 0 1
 0 1 0 1 1 1 1 1 1 1 1 0 0 1 0 1 1 1 0 1 0 0 1 1 1 1 1 1 0 1 0 0 1 1 1 0 0 1 1 1 1 0 0 1 0 0 1 1 0 1
 0 0 1 1 1 0 0 1 1 0 0 0 1 1 0 0 0 1 1 1 0 1 1 1 0 1 0 1 0 1 1 0 1 1 1 1 1 1 1 1 1 1 0 0 1 1 1 0 1 0
 1 1 1 1 1 0 1 1 1 1 1 1 0 1 1 0 1 0 1 0 1 1 0 1 0 0 1 0 1 1 1 1 0 0 1 1 0 0 1 0 1 1 0 1 0 0 0 1 1 1
 0 1 0 1 0 1 0 1 1 1 1 0 1 1 0 0 0 1 1 0 0 1 0 0 1 1 1 0 1 1 1 0 1 1 0 1 1 1 1 0 1 1 0 1 1 0 1 0 1 1
 1 1 1 0 0 0 1 1 1 1 0 1 1 1 1 1 1 1 1 0 0 1 1 1 0 0 0 0 0 1 1 1 1 1 1 0 0 0 0 1 0 1 1 0 1 1 1 1 1 1
 1 0 1 1 1 1 1 1 0 1 1 0 1 0 1 1 1 0 1 1 1 0 0 1 1 1 1 0 1 1 1 1 0 0 1 0 0 0 0 1 0 1 0 1 1 0 1 1 1 1
 1 1 1 1 0 0 0 0 1 0 1 1 1 1 1 0 0 0 1 1 1 0 1 0 1 0 0 0 1 1 1 0 0 0 1 1 1 1 0 1 0 1 1 1 0 0 1 1 0 1
 0 0 1 0 0 0 0 1 0 1 0 1 0 0 1 1 1 1 0 1 1 0 1 0 1 1 0 0 1 1 0 1 0 0 1 0 1 1 1 1 1 1 1 1 1 1 1 1 1 1
 1 1 1 1 0 1 0 1 0 1 1 1 0 0 1 1 1 1 0 0 0 1 1 1 1 1 1 1 0 0 1 0 1 1 1 1 1 0 1 1 0 1 1 0 1 0 1 1 1 1
 1 1 0 0 1 1 1 1 0 1 1 1 1 1 0 0 1 0 0 0 0 0 1 1 1 0 1 1 1 1 0 1 1 1 0 1 1 0 1 1 1 1 1 0 1 1 0 0 1 1
 0 1 1 1 1 1 0 0 1 0 0 1 1 0 0 1 0 1 1 1 0 0 1 0 0 0 0 0 1 1 0 0 1 1 1 1 1 1 0 0 1 1 0 1 0 0 0 0 0 1
 0 1 0 1 1 1 1 1 1 1 1 1 0 1 1 0 1 0 0 1 0 0 0 0 1 1 0 1 1 0 0 1 1 1 0 1 0 0 1 1 0 1 0 0 0 0 1 1 1 0
 1 0 1 1 1 0 0 0 1 0 1 1 1 1 0 0 0 0 0 1 0 0 0 1 0 0 1 0 1 1 1 1 1 1 1 1 1 1 1 0 0 1 0 0 1 1 0 1 0 1
 1 1 0 0 1 0 0 1 1 0 1 1 0 0 1 1 1 0 1 1 0 0 0 1 0 0 1 0 1 1 0 1 1 0 1 0 1 0 1 0 0 0 0 1 1 0 1 1 1 1
 1 0 0 0 1 1 1 0 0 0 0 0 1 0 0 1 1 1 0 1 0 1 0 1 0 1 1 1 0 1 0 1 0 1 0 1 1 0 0 1 1 1 1 1 0 1 0 1 1 1
 1 0 1 0 0 1 1 0 1 1 1 1 0 1 1 1 1 0 1 1 1 1 0 1 0 1 0 1 1 1 1 0 1 0 1 1 1 1 1 1 0 0 1 1 1 1 0 0 0 0
 1 1 0 1 1 1 1 0 0 0 0 1 1 1 1 1 1 1 0 0 0 1 1 0 1 1 1 1 0 0 0 1 0 0 0 1 1 1 1 1 1 0 1 0 0 1 0 1 1 1
 1 0 0 1 1 0 1 0 1 1 1 1 0 1 0 1 0 0 0 1 1 0 0 0 0 1 0 0 1 0 1 0 1 0 0 0 0 1 1 0 1 1 0 1 1 1 1 1 0 1
 0 1 0 1 1 1 1 1 1 1 1 0 0 1 1 1 1 0 1 1 1 1 1 0 1 1 0 1 0 1 1 0 1 1 0 1 1 0 1 0 1 1 1 1 1 1 0 0 0 0
 0 1 1 1 1 1 1 0 1 1 0 1 1 0 1 0 1 0 0 1 0 0 0 1 1 1 1 0 0 1 1 0 0 0 0 1 0 1 0 0 1 1 1 1 0 1 0 1 1 0
 0 0 1 0 0 1 1 0 0 1 1 1 0 1 0 0 1 1 0 1 1 1 1 0 0 1 0 1 1 0 1 0 1 0 0 0 1 0 1 1 0 0 0 1 1 1 0 0 1 0
 1 1 1 1 1 1 1 0 1 0 1 1 1 0 0 1 1 0 0 0 0 0 1 1 1 1 1 1 1 0 1 1 1 0 1 1 0 1 1 1 0 0 0 1 1 1 1 0 1 0
 0 1 1 1 1 1 0 1 1 1 1 1 0 1 0 0 1 0 0 0 1 0 1 1 1 1 0 1 0 1 1 0 0 1 0 1 0 1 1 1 0 1 1 1 0 1 1 0 0 1
 1 0 1 1 1 1 0 0 1 1 1 0 0 1 1 1 0 1 0 1 1 1 0 1 0 0 0 0 0 0 0 1 1 0 0 0 1 1 0 0 0 1 1 1 1 0 1 1 0 0
 0 0 0 1 0 0 1 0 0 1 1 0 1 1 0 0 1 1 0 1 0 0 1 0 1 1 0 1 1 1 0 1 0 1 1 1 0 1 0 0 0 1 0 0 1 1 1 0 1 1
 0 1 0 0 1 0 0 0 0 0 1 0 1 1 1 1 0 0 0 1 1 1 1 1 1 1 1 1 0 1 0 1 1 0 1 0 0 0 1 0 0 1 1 0 1 1 1 0 1 1
 1 1 1 0 0 1 1 1 1 0 0 0 1 1 0 1 0 1 1 1 1 1 0 0 1 0 0 0 0 1 0 1 0 1 1 1 0 1 0 1 0 1 0 1 1 1 1 0 1 1
 1 0 1 1 0 0 1 0 1 0 1 1 0 0 1 0 1 1 1 0 0 0 0 1 1 1 1 0 1 0 0 1 0 0 0 0 0 0 1 0 1 0 1 1 1 0 1 1 0 1
 0 1 0 0 1 1 1 1 0 1 1 0 1 1 0 0 1 1 0 1 0 0 1 0 1 1 1 0 0 0 1 1 0 1 1 1 1 1 0 1 0 1 0 1 1 1 1 0 1 1
 1 1 1 1 0 1 1 1 1 1 0 1 1 1 1 0 1 1 0 0 0 0 1 1 1 1 0 1 0 0 1 1 1 0 1 0 0 1 0 1 0 0 0 1 1 1 0 1 0 1
 0 1 1 1 1 1 1 0 1 0 0 1 0 1 1 1 1 1 1 1 0 1 1 1 0 0 1 1 0 1 1 0 0 1 0 1 0 1 0 1 0 0 1 0 1 0 1 1 0 0
 1 1 1 0 1 1 1 0 0 0 0 1 0 0 1 1 0 1 1 1 0 1 0 0 1 1 0 1 0 1 1 1 0 0 0 1 0 1 1 1 1 1 0 0 1 1 0 1 1 1
 1 0 0 1 1 0 1 0 1 0 0 1 1 0 0 0 1 1 0 1 0 0 0 1 1 1 1 1 1 1 1 1 0 0 0 0 1 0 0 0 1 1 0 1 1 1 1 1 1 0
 0 0 0 1 1 0 0 0 0 1 0 0 0 1 1 1 0 1 1 1 1 0 1 1 1 0 1 1 1 0 0 1 1 1 1 0 0 1 1 1 1 1 0 0 1 1 1 0 1 1
 1 1 0 1 1 0 1 1 0 1 0 1 1 1 1 1 0 0 1 1 1 0 1 1 1 0 1 1 1 1 0 0 1 1 1 1 1 0 1 0 1 1 1 1 1 0 0 1 0 0
 1 1 1 0 0 0 0 1 1 1 0 1 1 0 1 1 1 1 0 0 1 0 1 1 1 1 0 1 0 0 0 1 1 1 1 1 0 1 1 0 1 1 1 0 1 0 1 1 1 1
 1 0 0 0 0 0 0 1 1 0 1 1 0 1 1 1 0 0 1 0 1 1 1 1 0 1 1 0 1 1 0 0 0 0 0 0 0 1 1 1 1 0 1 0 0 1 1 1 1 1
 0 1 1 0 0 1 1 1 0 1 1 0 1 1 0 0 0 1 1 0 1 0 1 1 0 0 1 1 1 1 1 0 0 1 1 1 0 1 0 1 1 0 0 1 1 1 0 1 0 0
 1 1 1 0 0 0 1 1 0 1 1 1 1 0 0 1 1 1 1 0 1 0 1 1 1 0 1 0 0 0 1 1 0 1 1 1 1 1 0 0 1 1 1 1 1 0 1 1 0 1
 1 0 1 1 1 1 1 0 1 0 1 1 1 1 0 0 1 0 1 0 1 1 1 1 1 0 0 1 1 1 0 0 1 0 1 1 1 1 0 1 1 1 0 1 1 1 1 1 0 0
 1 0 0 0 1 0 1 0 1 1 1 0 1 1 0 0 1 1 1 0 1 1 0 0 0 1 1 0 0 0 1 1 1 1 1 0 1 0 1 0 1 1 1 1 1 0 0 1 1 1
 1 0 0 1 0 0 1 0 1 1 0 1 1 1 1 1 1 0 1 0 1 1 0 1 1 1 1 1 1 1 0 1 1 0 0 0 0 1 0 1 0 1 0 1 1 1 1 1 1 0
 0 0 1 0 1 1 0 1 0 0 1 1 1 1 0 1 0 1 0 1 0 0 1 0 1 1 1 1 0 1 1 1 1 0 1 0 1 1 1 0 1 0 1 1 0 1 0 0 0 1
 1 0 1 1 0 0 0 1 1 1 1 0 0 1 1 1 0 1 0 1 0 0 1 0 0 0 0 1 1 0 0 1 1 1 1 1 1 1 1 1 0 1 1 1 1 0 1 0 1 1
 0 0 1 1 1 0 0 0 0 1 1 0 1 1 0 0 1 1 0 1 1 0 1 0 1 0 0 1 1 1 1 0 0 0 1 1 1 0 0 1 0 0 0 1 0 1 0 1 0 1
 0 0 0 0 0 1 1 1 0 1 1 0 0 1 0 0 1 1 1 1 1 0 0 0 1 1 1 1 1 1 0 0 1 0 0 0 1 1 0 1 0 1 1 1 0 1 0 0 0 1
 1 1 1 1 1 0 1 1 1 1 1 0 1 1 1 1 0 1 1 0 0 0 1 1 1 1 0 0 1 0 1 0 0 1 1 1 1 1 0 1 0 1 1 1 0 1 1 0 1 1
 0 1 1 0 0 0 1 1 0 1 0 1 1 0 1 1 0 1 0 1 1 1 1 1 1 1 0 1 0 0 0 0 0 1 1 0 1 1 0 0 1 0 1 0 1 0 0 1 0 1
 1 0 0 1 0 1 0 0 1 1 1 0 1 0 0 1 0 1 0 1 0 0 1 0 0 1 1 1 0 1 1 1 1 0 1 0 0 1 1 1 1 1 1 1 0 1 1 1 0 0
 1 1 1 1 1 1 0 0 0 1 0 1 1 0 0 1 1 1 1 1 1 0 0 1 0 0 1 0 1 0 1 0 1 1 1 1 1 0 1 1 0 0 0 1 0 1 1 1 1 1
 0 1 0 1 1 1 1 0 1 0 1 1 1 1 1 1 1 0 1 1 1 1 1 1 1 0 1 1 1 0 1 0 1 1 0 1 0 0 1 0 1 1 0 1 1 1 1 1 1 1
 0 1 1 0 0 1 0 1 1 1 0 0 0 0 1 1 1 1 1 1 1 0 1 0 0 0 1 1 0 0 1 1 0 0 0 1 1 0 1 0 0 1 1 1 1 1 1 1 1 0
 0 1 0 1 0 0 0 1 1 0 1 0 1 0 1 1 1 1 0 0 0 0 1 0 1 1 1 1 1 1 1 0 1 1 1 1 1 1 0 0 0 1 0 1 1 0 1 0 1 1
 1 1 1 0 1 0 0 1 1 1 1 1 0 0 0 1 1 1 1 1 0 0 0 1 0 1 1 1 0 1 1 1 0 1 0 1 0 0 1 0 0 1 0 1 1 1 0 1 0 0
 1 1 1 1 1 1 0 1 1 0 0 0 1 1 0 0 0 0 0 1 0 0 0 0 1 0 0 1 0 1 1 0 1 0 1 0 0 1 0 1 0 1 0 1 0 0 1 1 1 1
 0 1 0 1 0 1 1 1 1 1 0 0 1 1 0 0 1 1 0 0 1 1 0 1 1 1 1 1 1 1 1 1 0 1 1 0 0 0 1 1 1 0 0 0 0 1 0 1 1 0
 1 1 0 0 0 1 1 1 1 1 0 0 1 1 1 1 1 0 0 0 0 0 1 1 1 1 0 1 0 1 0 1 0 1 1 1 1 1 1 0 1 1 1 1 0 1 1 0 1 0
 0 1 1 1 0 1 0 1 1 0 0 0 1 0 0 1 0 1 1 0 0 0 0 1 1 1 1 1 0 0 0 1 1 1 1 0 1 1 1 1 1 1 0 0 0 1 1 1 1 1
 1 1 1 0 1 0 1 1 0 1 1 1 1 1 1 0 0 1 0 1 0 1 1 0 1 1 0 0 1 0 1 1 0 1 1 1 1 1 1 1 1 1 1 1 1 1 0 1 0 1
 0 1 1 1 1 0 1 0 1 1 0 1 1 0 0 1 0 0 0 0 0 1 1 1 1 1 0 1 0 0 1 1 1 0 1 0 1 0 0 1 1 0 1 1 1 0 1 1 1 1
 1 1 1 1 1 1 1 1 1 1 0 0 1 0 0 0 0 1 1 1 1 0 0 0 1 0 1 1 1 0 1 1 1 1 1 0 1 0 1 1 0 0 0 0 1 1 0 1 1 0
 1 0 1 0 0 1 0 1 0 0 0 0 1 0 1 1 0 1 0 1 1 1 1 1 0 0 0 1 1 1 0 1 1 0 1 1 0 1 0 1 1 1 1 1 1 1 1 1 1 1
 1 1 1 1 0 1 1 0 1 1 1 0 0 1 1 1 1 1 0 1 0 0 1 0 1 1 0 1 1 1 0 0 1 0 0 0 0 1 1 1 1 1 1 1 0 0 1 0 0 0
 1 0 0 0 1 0 0 0 0 1 0 0 0 1 1 0 1 1 1 1 1 0 0 0 1 0 0 1 1 1 1 1 1 0 1 1 0 1 0 1 1 1 0 1 0 1 1 0 1 0
 1 1 0 1 1 0 1 1 0 1 1 1 0 1 1 1 0 0 1 1 1 0 0 0 0 0 0 0 0 1 0 0 1 0 0 0 1 1 1 1 0 0 1 0 1 1 1 0 1 1
 1 1 1 1 1 1 0 1 1 0 1 0 1 0 0 1 1 1 1 0 0 1 0 0 1 0 1 1 0 0 1 1 1 1 1 1 0 0 0 0 1 1 1 1 0 0 1 1 0 1
 0 1 0 1 1 1 0 1 1 1 1 0 1 1 1 1 0 1 1 1 1 0 1 0 0 1 1 1 0 0 0 0 1 0 1 1 1 0 1 0 0 1 1 1 0 0 1 1 0 1
 1 1 1 1 1 1 1 0 1 0 0 1 1 0 1 1 0 0 0 0 1 1 1 1 1 1 1 0 0 1 1 0 0 1 0 0 0 0 1 1 1 0 0 1 1 1 0 0 1 0
 0 1 1 0 0 0 1 1 1 1 1 1 1 1 0 0 0 1 0 1 0 0 0 0 1 1 1 0 0 0 1 0 0 0 1 1 1 0 1 0 1 0 1 1 0 1 1 1 1 0
 0 1 0 0 1 1 1 1 0 1 0 1 0 1 1 0 1 1 1 1 1 0 1 0 1 1 0 0 1 1 1 0 0 1 1 1 0 1 1 0 1 1 1 1 1 0 1 1 1 1
