# Created by Octave 5.1.0, Mon Mar 30 22:12:15 2020 GMT <unknown@DESKTOP-FQNH0RG>
# name: R
# type: matrix
# rows: 60
# columns: 40
 1 1 1 1 0 1 0 1 1 1 1 1 0 0 1 1 0 0 0 1 0 0 1 0 1 0 0 1 1 0 1 1 1 1 1 1 1 1 1 1
 0 0 1 1 0 0 1 0 1 0 0 0 1 1 0 1 0 1 1 1 0 1 0 1 1 0 1 1 0 0 0 1 1 1 1 1 1 1 1 1
 0 1 1 1 0 1 1 0 1 1 1 1 0 1 1 0 0 0 0 1 1 1 0 1 0 0 1 1 1 1 0 0 1 0 0 1 0 0 1 1
 0 1 0 1 1 1 1 0 1 1 1 0 0 0 1 1 0 1 0 0 1 1 1 0 1 0 1 0 0 1 1 0 0 1 1 0 0 1 1 1
 1 1 1 1 0 0 1 0 0 1 0 1 0 0 0 0 1 1 1 1 0 1 1 0 0 0 1 0 1 0 1 1 0 1 1 1 0 1 1 0
 1 0 1 0 1 0 1 0 1 1 0 0 1 1 1 1 1 1 0 0 1 0 1 1 0 0 1 0 0 1 0 1 1 1 1 1 1 0 1 1
 1 1 1 0 1 1 1 0 0 0 0 1 0 1 0 1 1 1 1 0 0 0 1 0 1 1 1 1 1 1 1 1 1 1 1 1 0 1 1 1
 0 1 0 1 0 1 0 1 0 1 1 1 0 1 0 1 0 1 1 1 1 0 0 0 1 1 1 0 0 1 0 1 1 1 0 1 0 1 0 0
 1 1 1 0 1 0 1 1 1 0 1 0 1 0 1 1 1 1 1 1 1 0 0 1 1 0 0 1 1 1 1 1 1 0 0 0 0 1 1 1
 0 1 0 1 1 1 0 1 0 0 1 1 0 1 1 0 1 1 1 1 1 1 0 1 1 0 1 0 1 0 0 0 1 1 0 0 1 1 1 1
 1 1 0 1 1 1 1 0 1 1 1 0 0 0 0 0 1 1 1 0 0 0 1 1 0 0 0 1 1 1 1 1 1 1 0 0 1 1 0 0
 1 1 1 1 0 0 1 1 0 0 0 1 0 0 1 1 1 1 0 0 0 0 0 1 0 1 0 1 0 0 1 0 1 0 1 1 1 1 1 1
 0 1 1 0 0 1 1 1 1 1 1 1 0 1 1 0 1 0 0 1 1 1 1 0 1 1 1 0 0 0 1 0 1 1 1 1 1 1 1 1
 1 1 1 1 0 1 0 0 1 0 1 1 0 1 1 1 1 1 1 0 1 0 1 0 0 1 0 1 0 0 1 1 1 1 0 1 1 1 0 1
 0 0 1 1 1 1 1 1 1 1 0 1 1 1 1 1 0 0 0 0 1 0 1 0 1 1 1 0 1 1 0 1 0 0 1 1 0 1 1 0
 0 1 0 1 1 0 0 0 1 0 1 0 1 1 0 1 0 1 1 0 1 1 1 1 0 0 0 0 1 1 1 1 1 1 1 1 1 1 0 1
 1 0 1 0 0 1 0 1 1 0 1 1 0 0 1 1 0 0 0 1 1 1 1 0 0 1 1 1 1 0 0 0 0 1 1 1 1 1 0 1
 0 1 1 0 0 1 0 1 1 0 0 1 1 1 0 0 0 1 1 0 1 0 0 1 0 1 1 0 0 1 1 0 0 0 1 1 0 0 1 1
 1 1 0 1 1 1 1 1 0 1 1 1 0 1 1 1 0 0 0 0 1 1 0 0 1 1 0 0 1 1 0 1 0 1 0 0 1 0 1 1
 0 0 1 0 1 1 1 1 0 1 0 0 0 0 1 0 1 1 0 1 1 0 1 1 1 0 0 0 0 0 1 1 0 0 0 1 0 1 1 1
 1 1 1 0 1 1 1 1 1 0 0 0 1 0 1 0 1 0 1 1 0 1 1 0 1 0 1 0 1 1 1 1 1 1 0 1 1 1 1 1
 0 0 1 1 0 0 0 0 0 0 1 0 1 0 0 0 1 1 1 1 0 0 1 1 1 1 1 1 0 1 0 1 1 1 1 0 1 1 0 0
 1 1 1 0 1 0 0 0 1 1 0 0 1 1 1 0 0 0 1 1 1 1 1 0 1 0 0 1 1 0 1 1 1 1 1 1 1 1 0 0
 1 0 1 0 1 0 1 0 1 1 0 0 1 1 0 1 1 1 1 0 1 1 0 1 1 0 1 0 0 1 1 1 0 0 0 1 1 1 1 1
 1 0 1 1 0 1 1 0 1 1 0 1 1 0 1 0 1 0 1 1 0 1 0 1 1 0 1 0 0 0 0 0 0 0 1 1 1 1 0 1
 1 1 0 1 1 0 0 0 0 0 1 1 1 1 1 1 0 1 0 0 1 1 1 1 1 0 0 1 1 0 0 1 1 1 0 0 1 0 0 1
 1 1 1 1 1 0 0 1 0 0 1 0 1 1 0 0 0 1 0 0 0 0 0 1 0 1 0 1 1 0 1 0 0 1 1 1 0 1 0 0
 0 0 1 1 0 1 1 1 0 0 0 1 0 0 0 0 1 1 0 1 1 0 1 1 1 1 1 0 1 0 1 1 1 0 1 1 1 1 0 0
 1 1 1 1 0 0 1 0 0 1 1 1 1 0 1 1 0 1 1 1 0 1 0 1 1 1 1 1 0 1 0 1 1 1 1 1 1 1 1 0
 0 0 1 1 1 1 1 1 1 1 0 1 1 1 1 1 0 1 1 1 1 0 1 1 1 0 0 1 1 0 0 1 1 1 1 1 0 1 0 0
 1 0 0 0 0 0 0 1 1 1 0 1 1 1 1 1 1 0 0 0 1 1 0 1 1 0 0 1 1 1 0 0 1 0 0 1 1 1 1 1
 0 0 1 0 1 1 1 0 1 1 1 1 1 0 0 0 1 1 1 0 1 0 1 1 1 1 1 0 1 1 1 1 0 1 1 1 1 0 0 1
 1 0 1 1 1 0 1 1 0 1 0 0 1 0 0 0 1 0 1 0 0 1 1 0 1 0 1 1 0 0 0 0 1 1 0 0 1 0 1 0
 1 1 1 1 1 1 0 1 0 1 1 0 1 1 1 1 1 1 0 1 0 0 1 0 1 0 0 0 1 0 0 0 1 0 0 1 1 0 0 1
 0 1 0 1 1 0 0 0 1 1 1 1 0 1 1 0 0 0 1 1 1 1 0 0 1 1 1 1 1 0 0 1 1 1 1 1 1 0 0 1
 1 1 1 1 1 0 0 0 0 0 1 1 1 0 0 1 1 1 1 0 1 1 0 1 1 0 1 1 1 1 1 0 1 0 0 1 1 1 1 1
 0 0 1 0 0 1 1 0 1 0 1 1 0 0 0 0 1 1 1 1 0 0 1 1 1 1 0 1 1 0 1 0 0 0 1 1 0 0 0 0
 1 1 1 1 1 0 1 1 1 1 1 1 1 1 1 0 1 1 1 0 1 1 1 1 1 1 0 1 1 1 1 1 1 1 0 1 0 0 1 0
 1 0 0 0 1 1 1 1 0 0 1 0 0 1 1 1 0 0 0 1 1 0 1 1 1 0 0 1 0 1 0 1 1 0 0 1 1 1 0 1
 1 1 1 1 1 0 1 0 0 1 1 1 0 1 1 1 0 0 1 0 0 0 1 1 1 1 1 0 1 1 1 1 1 1 1 1 1 1 0 1
 1 0 0 0 0 1 1 0 0 1 1 1 1 0 0 1 0 1 1 0 0 1 0 1 1 1 1 1 0 0 0 1 1 1 1 1 0 1 1 1
 1 0 0 1 0 1 1 1 0 1 0 0 1 0 1 0 0 0 1 0 1 1 0 0 0 0 1 0 0 1 0 1 0 1 1 0 1 1 1 1
 1 1 0 1 1 0 0 0 1 0 0 0 1 1 1 1 0 0 0 1 1 0 1 0 0 1 1 1 1 0 1 0 0 0 0 1 1 1 1 1
 1 1 1 1 1 0 0 0 0 1 1 1 0 1 0 0 1 0 1 1 0 1 1 1 1 1 1 1 1 0 0 1 1 1 1 1 0 1 1 1
 1 0 0 1 1 0 1 0 0 1 0 0 0 0 1 1 1 1 0 0 0 0 0 1 1 0 1 0 1 0 0 1 0 1 0 1 0 1 0 0
 1 1 1 1 1 0 1 0 1 0 0 1 1 0 1 0 0 1 1 0 0 0 0 0 0 1 1 1 0 1 0 0 1 1 1 0 1 1 1 0
 1 0 1 0 0 0 1 0 0 1 1 0 1 0 1 0 1 1 1 0 1 0 1 0 1 1 1 1 1 1 0 0 0 0 1 1 0 0 0 1
 1 1 1 0 0 0 0 1 1 1 0 1 0 1 0 1 1 0 1 1 0 1 1 1 1 0 1 1 1 1 0 0 0 1 1 1 1 0 1 1
 0 0 1 1 1 1 1 0 1 1 1 1 0 0 1 0 0 0 0 0 1 0 1 0 1 1 0 1 0 0 1 0 0 1 1 0 0 0 0 0
 1 1 1 0 1 0 0 0 1 1 1 1 0 0 1 0 1 1 1 0 1 1 1 0 1 1 0 1 1 0 0 1 0 0 1 1 1 1 0 0
 1 1 1 1 1 0 1 1 1 1 1 1 0 0 1 0 1 1 0 0 0 0 0 1 1 0 1 0 1 1 1 1 0 1 0 1 0 1 1 1
 0 0 0 0 1 0 1 1 1 1 1 0 1 1 1 1 1 0 1 1 1 0 0 1 0 1 0 1 0 1 1 1 0 1 0 0 1 0 0 0
 1 0 1 0 0 0 0 1 0 1 1 1 0 1 1 0 0 1 1 0 0 1 1 1 1 1 1 0 0 0 1 1 1 1 1 1 1 0 0 0
 0 0 0 0 1 1 1 1 1 1 0 1 1 1 0 0 0 1 1 1 0 1 1 1 1 1 1 1 1 1 1 1 0 1 0 1 1 0 0 1
 1 1 1 0 1 1 1 0 1 1 1 1 0 1 1 1 1 1 1 1 1 1 1 1 1 0 0 1 0 1 1 1 1 0 1 0 0 0 1 1
 0 0 1 0 0 0 1 1 1 0 0 0 1 1 1 0 0 1 0 1 0 1 0 1 1 0 0 0 0 1 1 0 1 0 1 1 1 0 1 1
 1 1 0 1 1 1 0 1 0 0 1 1 0 0 1 0 1 0 1 1 1 1 1 1 1 1 1 1 0 1 0 1 0 1 1 0 1 0 0 1
 1 1 1 1 1 0 1 0 0 1 0 1 1 0 1 0 0 1 0 1 0 1 0 1 0 0 1 1 0 0 0 0 1 0 1 1 0 1 0 0
 1 1 0 0 1 1 1 0 0 1 1 1 1 1 0 1 1 1 1 1 1 1 0 1 1 1 0 1 1 0 0 0 1 1 0 1 1 0 1 0
 1 1 0 1 1 1 1 0 1 1 1 0 0 1 1 1 1 0 1 0 0 1 1 0 1 0 1 1 0 1 1 0 1 0 0 1 0 1 1 1


